camera_matrix:
- - 355.9714400121184
  - 0.0
  - 335.3196323193707
- - 0.0
  - 357.8112833537328
  - 250.6109676356426
- - 0.0
  - 0.0
  - 1.0
distortion_coefficients:
- - -0.3461593306796503
  - 0.16977166838640081
  - -0.0007088081719486417
  - -0.0008493114536924472
  - -0.04996591236850915
pattern_cols: 9
pattern_rows: 6
square_size_mm: 22
