camera_matrix:
- - 369.58585905119446
  - 0.0
  - 318.8936647019588
- - 0.0
  - 369.48014193852697
  - 242.5865216290463
- - 0.0
  - 0.0
  - 1.0
distortion_coefficients:
- - -0.36398716792802677
  - 0.1808520185839432
  - 0.00014029169264925503
  - -0.0030880581366649886
  - -0.05178066766995888
pattern_cols: 9
pattern_rows: 6
square_size_mm: 23
